************************************************************************											
pyfao56: FAO-56 Evapotranspiration in Python											
Weather Data											
Timestamp: 05/08/2024 02:54:14											
************************************************************************											
 Data for the OK004 site from 2022-11-01 00:00:00 to 2023-01-01 00:00:00											
************************************************************************											
           S Reference crop - Short ('S') or Tall ('T')											
 338.9000000 Weather station elevation (z) (m)											
  35.0526000 Weather station latitude (decimal degrees)											
   2.0000000 Wind speed measurement height (m)											
											
Daily weather data:											
Year Day Srad Tmax Vapr Tdew RHmax RHmin Wndsp ETref MorP
2021 288 4559.5 19.22 12.7308333333333 9.97341666666667 99.5 35.4 4.110625 218.090208664619 M
2021 289 4917.5 21.43 8.65 5.72579166666667 96.3 25.4 1.48725 218.65930612134 M
2021 290 4702.9 24.4 9.40833333333333 7.18429166666666 100 26.85 1.77483333333333 219.21289487059 M
2021 291 4634.1 23.5 9.76041666666667 7.50254166666667 99.9 33.13 2.84766666666667 219.750993231698 M
2021 292 4448.55 26.45 14 11.8890833333333 78.67 48.65 4.77325 220.273622919181 M
2021 293 2803.8 22.4 14.4729166666667 12.1595 88.4 41.7 3.410625 220.780808772515 M
2021 294 4516.7 23.5 10.3741666666667 8.15395833333334 99.7 31.4 1.22345833333333 221.272578488111 M
2021 295 3092.9 27.08 14.4075 12.2695 95.4 47.68 1.885 221.748962359403 M
2021 296 4097.3 30.08 19.5766666666667 17.30475 86.9 47.05 4.12420833333333 222.209993019052 M
2021 297 3622 26.8 18.3141666666667 16.1518333333333 92.1 41.83 5.463 222.655705188984 M
2021 298 4229.7 25.1 13.2608333333333 11.456 99.6 40.75 1.884625 223.086135436405 M
2021 299 2548.2 26.73 19.04875 16.0629166666667 87.3 65.1 5.47029166666667 223.501321934418 M
2021 300 1188.85 23.18 14.1791666666667 11.3915833333333 98.7 54.2 5.156 223.901304232143 M
2021 301 4160.35 19.73 6.85666666666667 3.49091666666667 63.07 23.53 7.91770833333333 224.286123029152 M
2021 302 4360.2 18.95 5.15729166666667 0.581791666666669 56.35 18.42 6.44791666666667 224.655819958977 M
2021 303 4241.1 23.35 7.40375 3.76804166666667 99.4 24.2 1.44833333333333 225.010437379967 M
2021 304 4001.05 17.55 10.12375 6.792875 96.6 53.45 2.995 225.350018172416 M
2021 305 2420.75 14 9.2225 5.12958333333333 85.8 60.67 2.85475 225.67460554491 M
2021 306 789.9 8.65 8.845 4.54041666666667 94.3 80.2 3.74375 225.984242848457 M
2021 307 556.05 8.38 9.85583333333333 6.57458333333334 99.3 92.4 2.16191666666667 226.27897339727 M
2021 308 1675 12.33 10.2875 6.96541666666667 96.9 74.8 1.753625 226.558840299564 M
2021 309 3616.7 16.33 9.14375 5.332375 97.9 51.4 2.425625 226.82388629448 M
2021 310 3845.35 20.5 9.62604166666667 6.03933333333333 100 49.25 2.38233333333333 227.074153598339 M
2021 311 3859.95 24.8 10.77125 8.26241666666667 91.1 33.25 3.80404166666667 227.309683758827 M
2021 312 3554.05 24.4 12.9 10.6213333333333 86.8 45.32 4.14333333333333 227.530517516132 M
2021 313 2591.95 22.85 15.5175 13.2135 96.5 58.53 2.028 227.736694673534 M
2021 314 1131.15 21.23 16.8104166666667 14.3351666666667 98.7 68.22 4.1245 227.928253974359 M
2021 315 3398.45 18.13 8.31645833333334 4.435375 84.4 32.55 2.61591666666667 228.105232987655 M
2021 316 3579.2 15.03 5.64104166666667 -0.273124999999999 80.3 17.13 4.13366666666667 228.267668001398 M
2021 317 3272.9 17.5 5.284375 -1.29075 96.3 27.18 2.35841666666667 228.415593922503 M
2021 318 3377.1 17.2 6.9625 1.95629166666666 85.7 33.1 2.29725 228.549044185304 M
2021 319 3485.05 23.85 8.73166666666667 5.19570833333333 98.2 36.13 1.88058333333333 228.668050666294 M
2021 320 1481.4 27.48 11.42625 -990.9686875 100 38.78 2.90978571428571 228.772643606687 M
2021 321 832.333 13.6 5.7068 -1595.5808 100 30.2 8.6475 228.862851541883 M
2021 322 963 11.6 3.7 -2667.94666666667 71.1 45.4 2.4 228.938701237465 M
2021 323 2976.6 14.85 4.55384615384615 -0.952923076923076 48.1 25.3 7.36392307692308 229.0002176324 M
2021 324 3067 21.68 7.3475 2.79858333333333 77.18 35.82 3.62883333333333 229.047423788793 M
2021 325 1877.1 14.15 8.03395833333333 3.32870833333333 90.7 38.65 4.37125 229.080340848006 M
2021 326 85 17.35 5.571875 -1.654375 91.4 36.45 1.311125 229.09898799357 M
2021 343 0 -7999 6.1 -7999 100 100 NaN 227.241510019091 M
2021 344 1187.85 26.4 9.57833333333333 11.0873333333333 52.73 27.38 8.344 227.0042909305 M
2021 348 1670.25 23.18 13.956 12.4216 72.57 43.68 6.2069 225.912422985765 M
2021 349 1812.4 25.38 18.3883333333333 16.0445833333333 84.6 55.95 8.41145833333333 225.603609385741 M
2021 350 2944.5 20.88 6.87 0.786666666666667 70.7 26.5 3.53858333333333 225.280414028887 M
2021 351 786.55 17.53 8.374375 3.51241666666667 69.65 47.32 1.66091666666667 224.942813903448 M
2021 352 2872.2 10.1 4.5125 -4.99833333333333 71.4 43.48 5.90779166666667 224.590785387342 M
2021 353 2901.75 7.125 2.946875 -9.95620833333333 90.2 26.43 1.228625 224.224304400257 M
2021 354 2283.65 12.6 4.53020833333333 -4.50245833333333 85.2 32.45 1.766375 223.843346562423 M
2021 355 3158 16.48 5.81145833333333 -1.10104166666666 99.9 39.2 1.84816666666667 223.44788736128 M
2021 356 3042.05 17.55 7.36458333333333 1.579875 97.8 51.1 1.91520833333333 223.037902327774 M
2021 357 2289.5 17.92 8.18979166666667 4.34904166666666 100 32.03 2.29708333333333 222.613367218052 M
2021 358 2484 27.03 10.5058333333333 9.48041666666667 63.25 27.63 7.71391666666667 222.174258205459 M
2021 359 2416.55 23.22 8.75958333333333 6.60808333333333 70.58 33.15 2.78616666666667 221.720552078485 M
2021 360 1765.65 25.6 11.4058333333333 8.39479166666667 93.6 43.8 3.02029166666667 221.252226446039 M
2021 361 2575.95 21.15 6.803125 1.95829166666667 88.8 18.78 2.83466666666667 220.769259951738 M
2021 362 2983.2 21.25 6.03895833333333 1.93558333333333 65.88 19.35 4.01416666666667 220.271632493495 M
2021 363 2801.7 20.65 6.26375 0.0667083333333292 88.3 24.53 2.18470833333333 219.759325449735 M
2021 364 2692.7 19.63 5.53020833333333 -0.544833333333332 91.2 24.85 2.7385 219.232321914186 M
2021 365 736.35 16.65 8.968125 4.816 93.8 42.15 4.16166666666667 218.69060693354 M
2022 001 780 14.58 6.94791666666667 -1.52708333333333 100 80.8 6.40883333333333 218.134167754106 M
2022 002 3268.7 0.25 2.83229166666667 -11.4091666666667 88.2 56.18 3.95333333333333 217.562994071597 M
2022 003 3295.4 11.35 4.184375 -5.66095833333333 99.6 37.45 1.92466666666667 216.977078285684 M
2022 004 2847.4 14.35 4.48125 -4.28391666666667 76.18 30.98 3.86279166666667 216.376415761422 M
2022 005 3235.55 7.875 4.15729166666667 -5.67358333333333 84.5 32.58 3.80975 215.761005090916 M
2022 006 2730.2 -0.775 2.44375 -13.5037916666667 70.55 51.78 6.174125 215.130848362116 M
2022 007 3211.4 3.9 3.04583333333333 -10.7680833333333 84.8 45.1 2.7655 214.485951427984 M
2022 008 1229.6 14.1 10.909375 7.418375 98.3 74.1 6.15675 213.826324177816 M
2022 009 2540.8 12.33 5.895 -2.450625 96.3 36.3 6.33891666666667 213.151980812725 M
2022 010 3421.8 13.1 3.06354166666667 -8.35529166666667 83.4 18.5 1.43104166666667 212.462940119769 M
2022 011 3410.95 15.48 3.846875 -5.473 83.5 24.22 3.717625 211.759225746395 M
2022 012 3370.75 17.78 5.98229166666667 -0.184041666666671 92.6 28.8 2.322625 211.040866477605 M
2022 013 3346 20.78 5.52395833333333 -0.698583333333333 92.3 26.1 1.76766666666667 210.307896507803 M
2022 014 1656.15 17.83 6.43333333333333 0.832125 91.6 34.18 3.47825 209.560355715551 M
2022 015 725.6 4.85 3.73854166666667 -8.05975 72.55 57.88 9.62783333333333 208.798289933066 M
2022 016 3537.95 12.18 3.70833333333333 -6.68354166666667 98.4 26.08 2.26941666666667 208.021751212642 M
2022 017 3537.25 15.83 4.46041666666667 -4.31754166666667 88.3 30.83 2.1445 207.230798092664 M
2022 018 3545.9 21.83 4.72604166666667 -1.47566666666666 61.35 18.35 3.20408333333333 206.425495854341 M
2022 019 692.45 4.925 3.825 -7.69695833333333 73.88 38.18 6.58583333333333 205.605916778314 M
2022 020 2169.6 -3.275 1.60576923076923 -18.2025384615385 45.78 25.3 6.40523076923077 204.772140392155 M
2022 021 3246.6 4.375 1.98055555555556 -12.7953333333333 51.6 22.9 2.38277777777778 203.924253711263 M
2022 022 3267.35 10.23 2.99791666666667 -7.49791666666667 44.6 24.43 2.91091666666667 203.062351475763 M
2022 023 3264.95 15.7 5.01316666666667 -1.63391666666667 66.18 31.2 1.61633333333333 202.186536376376 M
2022 024 3731.25 18.95 5.19230769230769 -0.0377692307692303 96.8 21.88 2.09761538461538 201.296919271616 M
2022 025 3592.2 6.85 3.42692307692308 -7.69407692307692 75.05 32.1 4.77430769230769 200.393619399513 M
2022 026 1369.6 1.55 2.12954545454545 -13.3464545454545 40.47 33 1.75136363636364 199.476764573843 M
2022 027 3192.4 3.575 5.39821428571428 -2.42107142857143 95.9 76.9 2.52792857142857 198.546491375524 M
2022 028 3991.3 11.48 4.62875 -3.724 92.1 28.85 2.96495 197.602945329121 M
2022 029 4061.85 20.45 4.21391666666667 -667.239416666667 98.6 12.88 4.06672727272727 196.646281067549 M
2022 030 4063.1 18.73 4.025 -2.59157142857143 82.6 17.63 1.74914285714286 195.676662488541 M
2022 031 3716.85 21.95 7.50961538461539 4.55746153846154 78.07 28.83 3.60184615384615 194.694262892266 M
2022 032 2288.5 17.67 11.7342857142857 8.81235714285715 88.4 58.9 5.40278571428571 193.69926511174 M
2022 033 307.47 6.725 5.2635 -3.410875 87.6 80.9 6.97425 192.691861625364 M
2022 035 3264.2 -0.3 2.84285714285714 -11.9395714285714 56.53 40.1 3.05571428571429 190.640656254078 M
2022 036 3355.3 6.4 4.15 -5.45288888888889 54.05 43.3 5.41933333333333 189.597288374742 M
2022 037 3422.8 8.6 5.45707692307692 -617.758615384615 77.68 53.8 2.44316666666667 188.542382922333 M
2022 038 4359.45 13.65 5.35 -1.67226666666667 91.6 35.22 2.92073333333333 187.476181796492 M
2022 039 4410.4 18.35 5.57307692307692 0.414615384615384 70.98 27.08 4.85838461538462 186.398936910481 M
2022 040 4142.83 19.65 4.4878 -0.592533333333334 97.2 16.1 2.8636 185.310910200845 M
2022 041 3917.8 17.08 6.41284615384615 1.92392307692308 65.6 32.3 3.30961538461538 184.212373616201 M
2022 042 4223.15 17.35 6.30033333333333 1.54846666666667 66.05 31.68 5.6982 183.103609089372 M
2022 043 4170.75 9.2 2.77446666666667 -10.3900666666667 59.18 32.28 4.49293333333333 181.984908497522 M
2022 044 4395.95 14.43 4.02307692307692 -3.73730769230769 65.2 25.18 2.90546153846154 180.856573598514 M
2022 045 4450.25 21.33 4.74230769230769 1.25361538461539 73.2 18 3.30623076923077 179.718915957532 M
2022 046 4351.2 21.28 8.44866666666667 5.72906666666666 61.05 31.65 9.12286666666667 178.572256852219 M
2022 047 2672.9 23.38 12.906 11.0114666666667 78.2 43.98 8.3304 177.416927161002 M
2022 048 1370.53 -1.675 4.10227272727273 -6.47181818181818 84.8 73.2 8.50509090909091 176.253267239161 M
2022 049 4095.7 9.52 4.08125 -4.938875 51.3 37.58 4.463625 175.081626774034 M
2022 050 4780.2 17.6 6.18928571428571 1.14392857142857 98.7 29.7 2.63307142857143 173.902364623822 M
2022 051 4248.85 21.2 6.31964285714286 3.26342857142857 53.55 25.63 8.22535714285714 172.71584864524 M
2022 052 2869.3 22.55 11.8157894736842 9.63410526315789 83.7 38.15 7.03652631578947 171.522455497839 M
2022 053 4791.8 16.75 4.92447368421053 -7.74463157894737 84.8 45.4 7.08763157894737 170.322570440233 M
2022 054 1003.3 -5.175 2.26388888888889 -902.973 79.55 37.5 6.139 169.116587106085 M
2022 056 4051.75 -1.2 2.81818181818182 -11.8352727272727 58 45.2 3.67681818181818 166.687940575086 M
2022 057 3301.4 2.55 4.40357142857143 -5.58978571428571 81.7 63.45 1.80928571428571 165.466104311236 M
2022 058 3874.6 13.28 4.26029411764706 -474.385058823529 85.8 25.63 1.76 164.239823090998 M
2022 059 4425.85 18.92 5.275 -0.306764705882356 96.6 26.05 2.42476470588235 163.009528579688 M
2022 060 5112.9 23.2 5.25718181818182 0.828863636363637 94.7 17.03 2.04631818181818 161.775659184006 M
2022 061 4847.3 24.25 5.73229166666667 1.6 99 16.95 1.6595 160.538659738238 M
2022 062 5130.55 25.9 6.61270833333333 3.44658333333333 98.9 18.22 1.83141666666667 159.298981174472 M
2022 063 3690.95 24.28 12.2066666666667 9.00641666666667 77.8 49.75 4.48579166666667 158.057080182086 M
2022 064 5050.35 26.68 12.0189583333333 11.0438333333333 87.2 14.5 7.243375 156.813418862452 M
2022 065 1153.15 11.78 5.73333333333333 -1.747875 90.4 46.8 5.632125 155.568464366417 M
2022 066 4815.3 4.375 4.47604166666667 -5.14120833333334 86.3 54.33 5.71329166666667 154.322688531 M
2022 067 2928.8 6.925 4.4 -5.15566666666667 88 40.38 1.49220833333333 153.076567502903 M
2022 068 5458.35 13 4.27916666666667 -4.54929166666667 95.8 31.85 1.9185 151.830581354822 M
2022 069 5160.5 9.55 5.14791666666667 -3.435625 87.2 55.38 4.5475 150.585213700598 M
2022 070 3156.55 2.675 3.74895833333333 -7.54291666666667 90.8 48.45 5.78629166666667 149.340951296794 M
2022 071 5694.7 13.62 3.45520833333333 -6.33691666666667 98.6 21.28 3.13920833333333 148.098283647299 M
2022 072 5761.9 19.65 3.34791666666667 -3.66733333333334 44.43 14.75 6.28379166666667 146.85770259857 M
2022 073 3274.45 19.17 8.37770833333333 4.39083333333333 82.2 31.05 6.111875 145.619701931613 M
2022 074 0 11.65 6.3 0.786 45.68 45.68 5.193 144.384776956196 M
